11001100100000000001
110011001000000000001
1100110010000000000001
11001100100000000000001
110011001000000000000001
1100110010000000000000001
11001100100000000000000001
110011001000000000000000001
1100110010000000000000000001
11001100100000000000000000001
110011001000000000000000000001
1100110010000000000000000000001
11001100100000000000000000000001
110011001000000000000000000000001
1100110010000000000000000000000001
11001100100000000000000000000000001
110011001000000000000000000000000001
1100110010000000000000000000000000001
11001100100000000000000000000000000001
110011001000000101
11101111101000000
01001110100101
010011101000
110011001001
10101111101
0100111011
010011100
100010011
00111001
10100011
11111100
0101100
1001001
1110011
000010
000101
000110
001001
000000
1111001
1100010
1011100
0111011
0100101
0010100
11111111
11100000
10110101
10001011
01011110
01110100
01100110
01010011
01001111
01001001
01000011
01110101
01100100
01100111
01111000
10001010
01111001
10000001
10011101
01111010
01111011
10010100
10100110
10001101
10110100
11001101
10111110
11100001
11101011
11101110
11111000
11111110
0011001
0100011
0101101
1000001
1010000
1010100
1010110
1000011
0110111
0101000
0100000
0011000
0010001
11111010
11111001
11110111
0000011
0000111
0000110
0001001
0001111
0010110
0100010
0011110
0100110
0101010
0110000
0110001
0111111
1011001
1101010
1110001
1110110
1110010
1101001
1011011
1001000
0110101
0110110
0101110
0111001
0111110
1000111
1100001
1100101
1100111
1101101
1101000
1101110
1100000
1010010
1001101
1001011
1001111
1011110
1100100
1101011
1110100
1101111
1100011
1010101
1000010
0110100
0101011
0011011
0001110
11111101
11110101
11011000
10101110
10111111
10110000
10001000
10011000
10000000
10001100
10111011
10011001
10100111
10011100
10010101
01110000
01110001
01011111
01010010
00111110
00000101
111100001
110110010
101110101
101011110
101110100
101000100
101100011
011001011
110011000
101000101
111010100
111101000
00000100
111110111
00010000
00101110
00111010
00010001
00100000
00111000
00110101
00100001
111011110
111100011
111101100
111100010
111010101
111100000
111110110
111101101
00111011
01000010
01001000
00110100
00111111
00101010
00101111
111101001
110110011
101100010
011001010
001010111
1110111111
1100110011
1010111111
1000100101
1000100100
0010101101
0010101100
11001100101
11101111100
01001110101
111011111011
101011111001
101011111000
0100111010011
1110111110101
1100110010001
11001100100001
11101111101001
01001110100100
111011111010001
1110111110100001
11101111101000001
110011001000001
110011001000000100
110011001000000000000000000000000000001
110011001000000111
1100110010000000000000000000000000000001
11001100100000000000000000000000000000001
110011001000000110
110011001000000000000000000000000000000001
1100110010000000000000000000000000000000001
11001100100000000000000000000000000000000001
110011001000000000000000000000000000000000001
1100110010000000000000000000000000000000000001
110011001000000001
11001100100000000000000000000000000000000000001
11001100100000001
110011001000000000000000000000000000000000000001
1100110010000000001
1100110010000000000000000000000000000000000000001
11001100100000000000000000000000000000000000000001
110011001000000000000000000000000000000000000000001
1100110010000000000000000000000000000000000000000001
11001100100000000000000000000000000000000000000000001
110011001000000000000000000000000000000000000000000001
1100110010000000000000000000000000000000000000000000001
11001100100000000000000000000000000000000000000000000001
110011001000000000000000000000000000000000000000000000001
1100110010000000000000000000000000000000000000000000000001
1100110010000000000000000000000000000000000000000000000000
